1000000 100,656
500000 200,772
333333 300,807
250000 400,782
200000 500,800
166666 600,794
142857 700,823
125000 800,799
111111 900,798
100000 1000,803
90909 1100,799
83333 1200,817
76923 1300,808
71428 1400,824
66666 1500,938
62500 1600,935
58823 1700,826
55555 1800,800
52631 1900,804
50000 2000,800
47619 2100,809
45454 2200,805
43478 2300,813
41666 2400,813
40000 2500,801
38461 2600,831
37037 2700,817
35714 2800,814
34482 2900,817
33333 3000,849
32258 3100,408
31250 3200,389
30303 3300,395
29411 3400,392
28571 3500,388
27777 3600,397
27027 3700,390
26315 3800,383
25641 3900,459
25000 4000,400
24390 4100,376
23809 4200,356
23255 4300,359
22727 4400,368
22222 4500,374
21739 4600,378
21276 4700,388
20833 4800,371
20408 4900,389
20000 5000,399
19607 5100,386
19230 5200,387
18867 5300,398
18518 5400,381
18181 5500,404
17857 5600,392
17543 5700,395
17241 5800,404
16949 5900,385
16666 6000,387
16393 6100,392
16129 6200,479
15873 6300,390
15625 6400,393
15384 6500,389
15151 6600,391
14925 6700,379
14705 6800,386
14492 6900,383
14285 7000,384
14084 7100,388
13888 7200,399
13698 7300,396
13513 7400,395
13333 7500,385
13157 7600,390
12987 7700,383
12820 7800,381
12658 7900,390
12500 8000,384
12345 8100,394
12195 8200,363
12048 8300,358
11904 8400,366
11764 8500,362
11627 8600,368
11494 8700,360
11363 8800,364
11235 8900,363
11111 9000,359
10989 9100,371
10869 9200,364
10752 9300,365
10638 9400,381
10526 9500,385
10416 9600,383
10309 9700,370
10204 9800,375
10101 9900,376
10000 10000,397
