1000000 100,677
500000 200,771
333333 300,809
250000 400,784
200000 500,804
166666 600,789
142857 700,821
125000 800,804
111111 900,795
100000 1000,807
90909 1100,800
83333 1200,817
76923 1300,808
71428 1400,838
66666 1500,939
62500 1600,929
58823 1700,828
55555 1800,809
52631 1900,797
50000 2000,807
47619 2100,813
45454 2200,800
43478 2300,821
41666 2400,820
40000 2500,800
38461 2600,824
37037 2700,830
35714 2800,846
34482 2900,854
33333 3000,867
32258 3100,517
31250 3200,550
30303 3300,549
29411 3400,559
28571 3500,561
27777 3600,558
27027 3700,570
26315 3800,574
25641 3900,553
25000 4000,573
24390 4100,575
23809 4200,576
23255 4300,583
22727 4400,584
22222 4500,581
21739 4600,598
21276 4700,597
20833 4800,597
20408 4900,595
20000 5000,598
19607 5100,605
19230 5200,608
18867 5300,596
18518 5400,592
18181 5500,600
17857 5600,594
17543 5700,587
17241 5800,591
16949 5900,596
16666 6000,592
16393 6100,591
16129 6200,586
15873 6300,585
15625 6400,586
15384 6500,586
15151 6600,580
14925 6700,586
14705 6800,585
14492 6900,588
14285 7000,586
14084 7100,577
13888 7200,575
13698 7300,585
13513 7400,575
13333 7500,573
13157 7600,580
12987 7700,596
12820 7800,576
12658 7900,570
12500 8000,570
12345 8100,570
12195 8200,558
12048 8300,563
11904 8400,567
11764 8500,568
11627 8600,569
11494 8700,566
11363 8800,551
11235 8900,553
11111 9000,548
10989 9100,551
10869 9200,543
10752 9300,550
10638 9400,547
10526 9500,551
10416 9600,548
10309 9700,546
10204 9800,551
10101 9900,536
10000 10000,550
