1000000 100,619
500000 200,767
333333 300,808
250000 400,775
200000 500,798
166666 600,790
142857 700,816
125000 800,790
111111 900,803
100000 1000,798
90909 1100,793
83333 1200,806
76923 1300,806
71428 1400,830
66666 1500,897
62500 1600,897
58823 1700,832
55555 1800,804
52631 1900,814
50000 2000,800
47619 2100,803
45454 2200,794
43478 2300,805
41666 2400,805
40000 2500,804
38461 2600,815
37037 2700,810
35714 2800,805
34482 2900,824
33333 3000,803
32258 3100,412
31250 3200,394
30303 3300,383
29411 3400,373
28571 3500,377
27777 3600,395
27027 3700,391
26315 3800,383
25641 3900,453
25000 4000,398
24390 4100,396
23809 4200,392
23255 4300,384
22727 4400,385
22222 4500,381
21739 4600,375
21276 4700,370
20833 4800,396
20408 4900,390
20000 5000,395
19607 5100,392
19230 5200,381
18867 5300,386
18518 5400,386
18181 5500,392
17857 5600,388
17543 5700,396
17241 5800,390
16949 5900,392
16666 6000,393
16393 6100,393
16129 6200,482
15873 6300,391
15625 6400,387
15384 6500,387
15151 6600,384
14925 6700,379
14705 6800,388
14492 6900,400
14285 7000,375
14084 7100,385
13888 7200,389
13698 7300,397
13513 7400,385
13333 7500,377
13157 7600,386
12987 7700,374
12820 7800,388
12658 7900,388
12500 8000,383
12345 8100,396
12195 8200,377
12048 8300,445
11904 8400,402
11764 8500,381
11627 8600,374
11494 8700,377
11363 8800,394
11235 8900,381
11111 9000,385
10989 9100,370
10869 9200,374
10752 9300,389
10638 9400,370
10526 9500,370
10416 9600,385
10309 9700,389
10204 9800,372
10101 9900,380
10000 10000,381
