100 1000000,378
200 500000,383
300 333333,353
400 250000,382
500 200000,350
600 166666,372
700 142857,357
800 125000,380
900 111111,365
1000 100000,368
1100 90909,365
1200 83333,375
1300 76923,367
1400 71428,375
1500 66666,364
1600 62500,376
1700 58823,385
1800 55555,384
1900 52631,369
2000 50000,397
2100 47619,375
2200 45454,397
2300 43478,424
2400 41666,383
2500 40000,373
2600 38461,380
2700 37037,387
2800 35714,382
2900 34482,398
3000 33333,384
3100 32258,370
3200 31250,385
3300 30303,375
3400 29411,384
3500 28571,375
3600 27777,385
3700 27027,376
3800 26315,385
3900 25641,370
4000 25000,383
4100 24390,382
4200 23809,386
4300 23255,379
4400 22727,384
4500 22222,379
4600 21739,386
4700 21276,381
4800 20833,388
4900 20408,377
5000 20000,383
5100 19607,373
5200 19230,385
5300 18867,378
5400 18518,385
5500 18181,409
5600 17857,388
5700 17543,380
5800 17241,392
5900 16949,374
6000 16666,390
6100 16393,381
6200 16129,416
6300 15873,373
6400 15625,387
6500 15384,389
6600 15151,386
6700 14925,373
6800 14705,385
6900 14492,392
7000 14285,389
7100 14084,380
7200 13888,387
7300 13698,380
7400 13513,385
7500 13333,376
7600 13157,384
7700 12987,377
7800 12820,384
7900 12658,375
8000 12500,407
8100 12345,382
8200 12195,389
8300 12048,379
8400 11904,389
8500 11764,378
8600 11627,394
8700 11494,474
8800 11363,389
8900 11235,381
9000 11111,389
9100 10989,374
9200 10869,386
9300 10752,381
9400 10638,439
9500 10526,377
9600 10416,405
9700 10309,393
9800 10204,392
9900 10101,387
10000 10000,400
