100 1000000,1232
200 500000,1257
300 333333,1121
400 250000,1008
500 200000,866
600 166666,790
700 142857,1242
800 125000,553
900 111111,488
1000 100000,468
1100 90909,461
1200 83333,519
1300 76923,550
1400 71428,529
1500 66666,702
1600 62500,540
1700 58823,539
1800 55555,485
1900 52631,497
2000 50000,567
2100 47619,461
2200 45454,465
2300 43478,1546
2400 41666,469
2500 40000,466
2600 38461,472
2700 37037,461
2800 35714,469
2900 34482,466
3000 33333,468
3100 32258,513
3200 31250,473
3300 30303,475
3400 29411,476
3500 28571,526
3600 27777,534
3700 27027,532
3800 26315,481
3900 25641,492
4000 25000,484
4100 24390,488
4200 23809,499
4300 23255,477
4400 22727,481
4500 22222,496
4600 21739,486
4700 21276,485
4800 20833,487
4900 20408,489
5000 20000,480
5100 19607,486
5200 19230,491
5300 18867,493
5400 18518,493
5500 18181,559
5600 17857,493
5700 17543,528
5800 17241,510
5900 16949,503
6000 16666,508
6100 16393,500
6200 16129,502
6300 15873,500
6400 15625,506
6500 15384,504
6600 15151,513
6700 14925,506
6800 14705,530
6900 14492,503
7000 14285,506
7100 14084,568
7200 13888,519
7300 13698,516
7400 13513,540
7500 13333,507
7600 13157,507
7700 12987,542
7800 12820,559
7900 12658,533
8000 12500,567
8100 12345,538
8200 12195,534
8300 12048,550
8400 11904,549
8500 11764,549
8600 11627,552
8700 11494,578
8800 11363,554
8900 11235,558
9000 11111,555
9100 10989,546
9200 10869,544
9300 10752,578
9400 10638,528
9500 10526,534
9600 10416,528
9700 10309,542
9800 10204,547
9900 10101,530
10000 10000,543
