100 1000000,374
200 500000,368
300 333333,361
400 250000,381
500 200000,374
600 166666,405
700 142857,343
800 125000,368
900 111111,363
1000 100000,370
1100 90909,361
1200 83333,385
1300 76923,377
1400 71428,361
1500 66666,366
1600 62500,389
1700 58823,387
1800 55555,383
1900 52631,372
2000 50000,395
2100 47619,373
2200 45454,387
2300 43478,407
2400 41666,395
2500 40000,388
2600 38461,371
2700 37037,378
2800 35714,361
2900 34482,361
3000 33333,358
3100 32258,387
3200 31250,394
3300 30303,394
3400 29411,392
3500 28571,390
3600 27777,387
3700 27027,382
3800 26315,399
3900 25641,389
4000 25000,402
4100 24390,383
4200 23809,402
4300 23255,381
4400 22727,403
4500 22222,400
4600 21739,404
4700 21276,392
4800 20833,388
4900 20408,380
5000 20000,381
5100 19607,373
5200 19230,384
5300 18867,381
5400 18518,365
5500 18181,406
5600 17857,356
5700 17543,364
5800 17241,358
5900 16949,371
6000 16666,354
6100 16393,372
6200 16129,416
6300 15873,381
6400 15625,391
6500 15384,386
6600 15151,388
6700 14925,378
6800 14705,394
6900 14492,389
7000 14285,395
7100 14084,376
7200 13888,387
7300 13698,379
7400 13513,391
7500 13333,376
7600 13157,385
7700 12987,378
7800 12820,394
7900 12658,377
8000 12500,387
8100 12345,378
8200 12195,396
8300 12048,378
8400 11904,386
8500 11764,379
8600 11627,390
8700 11494,461
8800 11363,389
8900 11235,380
9000 11111,387
9100 10989,382
9200 10869,387
9300 10752,383
9400 10638,387
9500 10526,383
9600 10416,384
9700 10309,390
9800 10204,381
9900 10101,376
10000 10000,379
