 
0 0
0 0
:)
1404 98596
0 0
0 0
:)
1472 98528
0 0
0 0
:)
1537 98463
0 0
0 0
:)
1600 98400
0 0
0 0
:)
1659 98341
0 0
0 0
:)
1717 98283
0 0
0 0
:)
1773 98227
0 0
0 0
:)
1827 98173
0 0
0 0
:)
1879 98121
0 0
0 0
:)
1930 98070
0 0
0 0
:)
630 99370
0 0
0 0
:)
1980 98020
0 0
0 0
:)
2028 97972
0 0
0 0
:)
2076 97924
0 0
0 0
:)
2122 97878
0 0
0 0
:)
2167 97833
0 0
0 0
:)
2211 97789
0 0
0 0
:)
2254 97746
0 0
0 0
:)
2297 97703
0 0
0 0
:)
2339 97661
0 0
0 0
:)
2379 97621
0 0
0 0
:)
772 99228
0 0
0 0
:)
2420 97580
0 0
0 0
:)
2459 97541
0 0
0 0
:)
2498 97502
0 0
0 0
:)
2536 97464
0 0
0 0
:)
2574 97426
0 0
0 0
:)
2611 97389
0 0
0 0
:)
2648 97352
0 0
0 0
:)
2684 97316
0 0
0 0
:)
2719 97281
0 0
0 0
:)
2754 97246
0 0
0 0
:)
890 99110
0 0
0 0
:)
2789 97211
0 0
0 0
:)
2823 97177
0 0
0 0
:)
2857 97143
0 0
0 0
:)
2890 97110
0 0
0 0
:)
2923 97077
0 0
0 0
:)
2955 97045
0 0
0 0
:)
2987 97013
0 0
0 0
:)
3019 96981
0 0
0 0
:)
3051 96949
0 0
0 0
:)
3082 96918
0 0
0 0
:)
995 99005
0 0
0 0
:)
3113 96887
0 0
0 0
:)
1089 98911
0 0
0 0
:)
1176 98824
0 0
0 0
:)
1257 98743
0 0
0 0
:)
1333 98667
0 0
0 0
:)
