1000 99000
55 42
14 100
:)
2000 98000
55 43
14 101
:)
3000 97000
55 43
14 102
:)
4000 96000
55 42
15 100
:)
5000 95000
54 41
15 99
:)
6000 94000
55 40
15 99
:)
7000 93000
55 41
15 100
:)
8000 92000
54 40
15 98
:)
9000 91000
54 39
15 96
:)
10000 90000
54 39
15 97
:)
11000 89000
53 38
15 95
:)
12000 88000
53 38
16 94
:)
13000 87000
53 37
15 94
:)
14000 86000
53 35
16 92
:)
15000 85000
52 35
16 91
:)
16000 84000
51 33
16 88
:)
17000 83000
52 35
16 90
:)
18000 82000
63 47
16 116
:)
19000 81000
48 33
16 84
:)
20000 80000
47 32
16 82
:)
21000 79000
47 32
16 82
:)
22000 78000
46 30
16 79
:)
23000 77000
47 31
16 81
:)
24000 76000
48 31
17 81
:)
25000 75000
46 28
16 77
:)
26000 74000
47 30
16 80
:)
27000 73000
46 29
16 78
:)
28000 72000
45 28
17 76
:)
29000 71000
46 27
17 76
:)
30000 70000
44 26
17 73
:)
31000 69000
45 26
17 73
:)
32000 68000
44 26
17 73
:)
33000 67000
45 25
16 73
:)
34000 66000
44 24
17 72
:)
35000 65000
45 24
16 72
:)
36000 64000
43 23
16 70
:)
37000 63000
42 23
17 68
:)
38000 62000
42 23
17 68
:)
39000 61000
42 23
17 68
:)
40000 60000
41 23
17 67
:)
41000 59000
41 23
18 67
:)
42000 58000
41 23
17 67
:)
43000 57000
41 23
18 67
:)
44000 56000
40 23
18 67
:)
45000 55000
40 23
18 67
:)
46000 54000
40 23
18 66
:)
47000 53000
40 23
18 67
:)
48000 52000
40 23
19 67
:)
49000 51000
39 24
20 67
:)
