0 0
0 0
0 0
:)
4462 995538
515 403
156 950
:)
4679 995321
508 406
152 945
:)
4887 995113
606 414
156 1051
:)
5086 994914
511 405
152 947
:)
5278 994722
532 428
157 1003
:)
5462 994538
513 400
153 944
:)
5641 994359
516 407
154 955
:)
5814 994186
508 403
153 942
:)
5982 994018
525 415
155 972
:)
6145 993855
511 407
154 950
:)
1998 998002
515 412
156 953
:)
6305 993695
519 399
152 950
:)
6460 993540
511 404
153 946
:)
6611 993389
517 395
161 943
:)
6759 993241
538 410
160 981
:)
6904 993096
537 412
159 981
:)
7046 992954
533 424
158 991
:)
7185 992815
542 418
158 993
:)
7322 992678
520 419
154 971
:)
7455 992545
530 419
157 982
:)
7587 992413
542 435
154 1012
:)
2446 997554
535 423
162 992
:)
7716 992284
545 428
163 1007
:)
7843 992157
568 456
170 1059
:)
7968 992032
536 422
161 991
:)
8091 991909
544 416
161 994
:)
8212 991788
540 407
159 980
:)
8332 991668
549 417
163 1000
:)
8449 991551
570 415
168 1018
:)
8565 991435
561 419
163 1013
:)
8680 991320
542 431
162 1011
:)
8793 991207
555 406
165 993
:)
2824 997176
523 416
162 971
:)
8904 991096
539 406
168 977
:)
9014 990986
573 433
169 1040
:)
9123 990877
544 418
178 996
:)
9231 990769
572 426
158 1031
:)
9337 990663
535 406
162 975
:)
9442 990558
526 401
158 960
:)
9546 990454
535 420
158 987
:)
9648 990352
537 406
159 977
:)
9750 990250
523 406
155 962
:)
9851 990149
544 411
160 988
:)
3157 996843
521 416
157 971
:)
9950 990050
536 417
159 986
:)
3458 996542
514 406
153 952
:)
3735 996265
517 412
156 962
:)
3992 996008
510 413
152 957
:)
4234 995766
525 417
157 975
:)
