9950 990050
545 429
167 1007
:)
8132 991868
545 424
166 1002
:)
7046 992954
532 412
162 975
:)
6305 993695
565 434
167 1032
:)
5757 994243
557 436
169 1026
:)
5331 994669
557 426
168 1015
:)
4988 995012
542 426
165 1001
:)
4703 995297
538 433
165 1005
:)
4462 995538
527 423
166 983
:)
4255 995745
547 418
166 998
:)
4074 995926
538 429
165 1000
:)
3915 996085
569 448
164 1050
:)
3773 996227
549 425
165 1007
:)
3645 996355
542 425
168 1000
:)
3529 996471
533 423
165 989
:)
3424 996576
537 428
166 997
:)
3328 996672
539 419
166 991
:)
3239 996761
540 429
164 1002
:)
3157 996843
537 423
165 992
:)
3081 996919
537 425
167 996
:)
3011 996989
537 418
163 987
:)
2944 997056
539 428
164 999
:)
2883 997117
540 427
164 1000
:)
2824 997176
546 417
169 995
:)
2770 997230
549 425
165 1008
:)
2718 997282
542 425
168 999
:)
2669 997331
531 426
164 1000
:)
2623 997377
541 424
165 997
:)
2579 997421
537 428
165 998
:)
2537 997463
559 430
166 1021
:)
2497 997503
538 429
165 999
:)
2459 997541
550 444
165 1027
:)
2422 997578
537 431
164 1001
:)
2388 997612
526 420
167 979
:)
2354 997646
538 427
167 997
:)
2322 997678
530 429
168 991
:)
2292 997708
588 453
173 1075
:)
2262 997738
534 424
162 991
:)
2234 997766
530 426
165 988
:)
2206 997794
541 427
165 1000
:)
2180 997820
524 413
162 969
:)
2154 997846
545 431
165 1009
:)
2130 997870
533 428
165 994
:)
2106 997894
530 426
165 989
:)
2083 997917
545 431
165 1009
:)
2061 997939
537 419
164 995
:)
2039 997961
516 424
160 965
:)
2018 997982
604 484
180 1115
:)
1998 998002
541 430
165 996
:)
