100 4950
5 3
2 9
:)
200 19900
16 14
5 32
:)
300 44850
36 33
11 72
:)
400 79800
65 59
21 128
:)
500 124750
96 91
31 193
:)
600 179700
143 133
47 286
:)
700 244650
188 179
61 380
:)
800 319600
258 239
85 513
:)
900 404550
317 299
104 635
:)
1000 499500
383 365
125 773
:)
1100 604450
491 453
162 974
:)
1200 719400
571 533
187 1140
:)
1300 844350
658 621
222 1320
:)
1400 979300
754 713
244 1514
:)
1500 1124250
922 850
304 1833
:)
1600 1279200
1029 964
338 2060
:)
1700 1444150
1143 1090
374 2303
:)
1800 1619100
1265 1210
413 2553
:)
1900 1804050
1399 1338
454 2825
:)
2000 1999000
1535 1473
497 3105
:)
2100 2203950
1820 1677
596 3615
:)
2200 2418900
1971 1833
643 3927
:)
2300 2643850
2125 1998
692 4256
:)
2400 2878800
2291 2176
744 4605
:)
2500 3123750
2461 2338
798 4949
:)
2600 3378700
2640 2513
854 5315
:)
2700 3643650
2827 2697
913 5700
:)
2800 3918600
3021 2883
974 6120
:)
2900 4203550
3523 3201
1143 6954
:)
3000 4498500
3733 3400
1209 7381
:)
3100 4803450
3949 3624
1278 7881
:)
3200 5118400
4176 3847
1348 8345
:)
3300 5443350
4410 4107
1424 8848
:)
3400 5778300
4620 4349
1502 9287
:)
3500 6123250
4875 4574
1579 9786
:)
3600 6478200
5111 4816
1663 10281
:)
3700 6843150
5387 5075
1744 10837
:)
3800 7218100
5640 5337
1834 11372
:)
3900 7603050
5896 5604
1930 11915
:)
4000 7998000
6173 5879
2015 12489
:)
4100 8402950
7047 6404
2324 13908
:)
4200 8817900
7346 6704
2415 14528
:)
4300 9242850
7639 7009
2508 15150
:)
4400 9677800
7946 7319
2604 15789
:)
4500 10122750
8272 7619
2704 16438
:)
4600 10577700
8572 7969
2826 17117
:)
4700 11042650
8908 8284
2922 17792
:)
4800 11517600
9229 8617
3018 18472
:)
4900 12002550
9581 8970
3130 19202
:)
5000 12497500
9945 9290
3243 19912
:)
5100 13002450
10294 9658
3356 20685
:)
5200 13517400
10651 9998
3471 21408
:)
5300 14042350
11013 10365
3585 22165
:)
5400 14577300
11374 10769
3702 22958
:)
5500 15122250
11800 11127
3829 23773
:)
5600 15677200
12129 11569
3948 24574
:)
5700 16242150
12521 11902
4096 25415
:)
5800 16817100
14116 12689
4636 27809
:)
5900 17402050
14521 13107
4789 28655
:)
6000 17997000
14930 13532
4928 29578
:)
6100 18601950
15367 14087
5037 30457
:)
6200 19216900
15775 14337
5173 31172
:)
6300 19841850
16194 14922
5310 32320
:)
6400 20476800
16729 15325
5469 33252
:)
6500 21121750
17146 15881
5619 34168
:)
6600 21776700
17597 16364
5740 35138
:)
6700 22441650
18078 16820
5901 36113
:)
6800 23116600
18591 17328
6187 37179
:)
6900 23801550
19042 17844
6179 38173
:)
7000 24496500
19571 18323
6326 39218
:)
7100 25201450
20008 18777
6489 40144
:)
7200 25916400
20531 19322
6641 41254
:)
7300 26641350
20985 19841
6819 42264
:)
7400 27376300
21546 20674
6996 43806
:)
7500 28121250
22029 20957
7199 44523
:)
7600 28876200
22569 21403
7344 45534
:)
7700 29641150
23181 22145
7599 46930
:)
7800 30416100
23594 22524
7794 47759
:)
7900 31201050
24131 23080
7872 48895
:)
8000 31996000
25936 25146
8534 52899
:)
8100 32800950
26661 25804
8815 54323
:)
8200 33615900
28216 25735
9210 55762
:)
8300 34440850
28774 26299
9390 56932
:)
8400 35275800
29354 27012
9577 58265
:)
8500 36120750
29948 27459
9761 59357
:)
8600 36975700
30575 28066
9951 60635
:)
8700 37840650
31289 28774
10296 62105
:)
8800 38715600
31766 29427
10348 63276
:)
8900 39600550
32419 29940
10542 64489
:)
9000 40495500
33029 30720
10748 65935
:)
9100 41400450
34032 31247
10955 67512
:)
9200 42315400
34441 31868
11160 68586
:)
9300 43240350
34972 32504
11368 69818
:)
9400 44175300
35722 33356
11582 71458
:)
9500 45120250
36236 33845
11789 72510
:)
9600 46075200
36935 34525
12005 73944
:)
9700 47040150
37705 35210
12225 75460
:)
9800 48015100
38333 36354
12474 77567
:)
9900 49000050
39123 37049
12664 78815
:)
10000 49995000
39769 38384
12872 80844
:)
