31573 9968427
8696 7839
2751 17097
:)
25787 9974213
8629 7785
2752 16958
:)
22336 9977664
8557 7608
2735 16734
:)
19980 9980020
8554 7591
2738 16689
:)
18241 9981759
8534 7585
2738 16664
:)
16889 9983111
8481 7580
2747 16605
:)
15799 9984201
8472 7378
2728 16393
:)
14896 9985104
8451 7523
2732 16518
:)
14132 9985868
8420 7447
2732 16410
:)
13475 9986525
8404 7381
2727 16328
:)
12902 9987098
8389 7470
2720 16401
:)
12396 9987604
8400 7570
2716 16512
:)
11945 9988055
8380 7479
2711 16402
:)
11540 9988460
8325 7499
2708 16365
:)
11174 9988826
8322 7513
2703 16379
:)
10841 9989159
8313 7333
2705 16189
:)
10535 9989465
8295 7386
2702 16225
:)
10255 9989745
8300 7559
2701 16402
:)
9995 9990005
8273 7318
2697 16133
:)
9754 9990246
8294 7356
2705 16194
:)
9530 9990470
8277 7387
2702 16205
:)
9321 9990679
8270 7500
2697 16310
:)
9125 9990875
8272 7425
2699 16239
:)
8940 9991060
8253 7447
2694 16240
:)
8767 9991233
8256 7434
2696 16232
:)
8603 9991397
8248 7341
2694 16132
:)
8448 9991552
8253 7396
2694 16190
:)
8301 9991699
8248 7342
2694 16133
:)
8162 9991838
8246 7355
2692 16145
:)
8029 9991971
8277 7380
2687 16200
:)
7903 9992097
8260 7333
2689 16135
:)
7782 9992218
8230 7572
2690 16344
:)
7667 9992333
8240 7355
2689 16136
:)
7556 9992444
8442 7422
2688 16404
:)
7451 9992549
8255 7430
2696 16229
:)
7349 9992651
8261 7359
2682 16162
:)
7252 9992748
8225 7475
2688 16244
:)
7159 9992841
8251 7527
2686 16321
:)
7069 9992931
8226 7471
2686 16239
:)
6982 9993018
8218 7426
2686 16186
:)
6898 9993102
8321 7491
2688 16353
:)
6818 9993182
8227 7430
2686 16199
:)
6740 9993260
8213 7426
2681 16179
:)
6664 9993336
8213 7516
2684 16273
:)
6592 9993408
8214 7365
2684 16123
:)
6521 9993479
8218 7539
2682 16296
:)
6453 9993547
8215 7441
2687 16196
:)
6387 9993613
8221 7417
2683 16180
:)
6323 9993677
8219 7433
2677 16194
:)
