495000 505000
238 106
127 366
:)
493750 506250
242 105
133 370
:)
492500 507500
294 123
150 443
:)
491250 508750
275 116
150 419
:)
490000 510000
306 129
157 467
:)
488750 511250
250 125
143 400
:)
487500 512500
282 114
144 418
:)
486250 513750
276 118
172 417
:)
485000 515000
256 121
146 399
:)
483750 516250
308 128
155 461
:)
482500 517500
271 125
164 417
:)
481250 518750
292 138
182 454
:)
480000 520000
260 134
157 418
:)
478750 521250
275 132
188 429
:)
477500 522500
289 155
180 469
:)
476250 523750
278 148
164 451
:)
475000 525000
304 140
189 467
:)
473750 526250
283 142
187 449
:)
472500 527500
283 152
170 461
:)
471250 528750
280 141
169 445
:)
470000 530000
299 149
170 471
:)
468750 531250
280 144
169 449
:)
467500 532500
284 148
166 455
:)
466250 533750
299 155
175 477
:)
465000 535000
294 158
174 475
:)
463750 536250
282 156
172 461
:)
462500 537500
299 167
175 490
:)
461250 538750
310 179
184 512
:)
460000 540000
289 161
181 474
:)
458750 541250
297 172
181 493
:)
457500 542500
291 164
180 479
:)
456250 543750
315 177
194 516
:)
455000 545000
312 188
192 525
:)
453750 546250
305 178
185 507
:)
452500 547500
323 186
194 535
:)
451250 548750
304 188
189 517
:)
450000 550000
295 179
183 499
:)
448750 551250
303 187
186 516
:)
447500 552500
314 214
198 556
:)
446250 553750
342 234
200 602
:)
445000 555000
317 198
207 542
:)
443750 556250
334 214
237 577
:)
442500 557500
301 191
192 518
:)
441250 558750
326 208
202 561
:)
440000 560000
337 218
198 589
:)
438750 561250
313 206
197 546
:)
437500 562500
311 206
204 544
:)
436250 563750
325 206
202 558
:)
435000 565000
313 205
194 545
:)
433750 566250
354 235
220 616
:)
432500 567500
342 236
219 611
:)
